-0.5 0.5 0.75 0 0.75 0 
-0.427929 0.674441 0.782584 -0.0807854 0.769273 -0.0159444 
-0.355859 0.848882 0.815169 -0.161571 0.788547 -0.0318889 
-0.283788 1.02332 0.847753 -0.242356 0.80782 -0.0478333 
-0.211718 1.19776 0.880337 -0.323141 0.827094 -0.0637777 
-0.139647 1.37221 0.912921 -0.403927 0.846367 -0.0797221 
-0.0675766 1.54665 0.945506 -0.484712 0.86564 -0.0956666 
0.00449395 1.72109 0.97809 -0.565497 0.884914 -0.111611 
0.0765645 1.89553 1.01067 -0.646283 0.904187 -0.127555 
0.148635 2.06997 1.04326 -0.727068 0.923461 -0.1435 
0.220706 2.24441 1.07584 -0.807854 0.942734 -0.159444 
0.292776 2.41885 1.10843 -0.888639 0.962008 -0.175389 
0.364847 2.59329 1.14101 -0.969424 0.981281 -0.191333 
0.331266 2.78444 1.16034 -1.06791 0.993602 -0.222534 
0.297685 2.97559 1.17966 -1.1664 1.00592 -0.253735 
0.264104 3.16674 1.19899 -1.26489 1.01824 -0.284937 
0.230523 3.35789 1.21831 -1.36338 1.03056 -0.316138 
0.196942 3.54904 1.23764 -1.46187 1.04289 -0.347339 
0.163362 3.74019 1.25696 -1.56036 1.05521 -0.37854 
0.129781 3.93134 1.27628 -1.65885 1.06753 -0.409741 
0.0961998 4.12249 1.29561 -1.75734 1.07985 -0.440942 
0.141066 4.24776 1.23499 -1.56208 1.0432 -0.391949 
0.185933 4.37304 1.17436 -1.36682 1.00655 -0.342955 
0.2308 4.49832 1.11374 -1.17156 0.969898 -0.293962 
0.275667 4.6236 1.05312 -0.976302 0.933249 -0.244968 
0.320533 4.74888 0.992493 -0.781041 0.896599 -0.195974 
0.3654 4.87416 0.93187 -0.585781 0.859949 -0.146981 
0.410267 4.99944 0.871247 -0.390521 0.823299 -0.0979872 
0.455133 5.12472 0.810623 -0.19526 0.78665 -0.0489936 
0.5 5.25 0.75 0 0.75 0 

